$ 1 0.000005 10.20027730826997 52 5 50 5e-11
t 176 208 224 208 0 1 -0.023146139058389862 3.867187392560027e-11 100 default
t 272 208 320 208 0 1 0.6463509475719099 0.6694970866689717 100 default
t 368 208 416 208 0 1 0.6463509475719099 0.6694970866689717 100 default
w 224 160 224 192 0
w 320 160 320 192 0
w 224 160 320 160 0
w 320 160 416 160 0
w 416 160 416 192 0
r 176 208 176 272 0 470
r 272 208 272 272 0 470
r 368 208 368 272 0 470
L 176 272 176 304 0 0 false 4.1 0
L 272 272 272 304 0 1 false 4.1 0
L 368 272 368 304 0 1 false 4.1 0
w 224 224 224 336 0
w 320 224 320 336 0
w 416 224 416 336 0
w 416 336 320 336 0
w 320 336 224 336 0
r 416 160 416 64 0 640
g 416 336 416 368 0 0
R 416 64 352 64 0 0 40 4.1 0 0 0.5
M 416 160 464 160 0 2.5
