$ 1 0.000005 16.13108636308289 60 15 53 5e-11
w 240 48 336 48 0
r 240 48 240 208 0 110000
r 240 208 240 352 0 10000
t 240 208 336 208 0 1 -818.8897597579564 -798.889768159864 100 default
w 240 352 336 352 0
g 240 352 240 384 0 0
R 240 48 144 48 0 0 40 20 0 0 0.5
r 336 48 336 192 0 10000
r 336 224 336 352 0 1000
c 240 208 160 208 0 0.0000049999999999999996 -825.3656710299177 0.001
R 160 208 112 208 0 1 80 1505 0 0 0.5
O 336 192 464 192 0 0
o 10 64 0 4098 2560 0.00009765625 0 2 10 3
o 11 64 0 4354 1280 0.00009765625 1 1
